K-line around a specific k point
  170
Reciprocal
     0.00000000     0.00000000     0.00000000     1.000  !k point of VBM
     0.00000000    -0.02467212    -0.02467212     1.000  !100 direction
     0.00000000    -0.02056010    -0.02056010     1.000
     0.00000000    -0.01644808    -0.01644808     1.000
     0.00000000    -0.01233606    -0.01233606     1.000
     0.00000000    -0.00822404    -0.00822404     1.000
     0.00000000    -0.00411202    -0.00411202     1.000
     0.00000000     0.00411202     0.00411202     1.000
     0.00000000     0.00822404     0.00822404     1.000
     0.00000000     0.01233606     0.01233606     1.000
     0.00000000     0.01644808     0.01644808     1.000
     0.00000000     0.02056010     0.02056010     1.000
     0.00000000     0.02467212     0.02467212     1.000
    -0.02467212     0.00000000    -0.02467212     1.000  !010 direction
    -0.02056010     0.00000000    -0.02056010     1.000
    -0.01644808     0.00000000    -0.01644808     1.000
    -0.01233606     0.00000000    -0.01233606     1.000
    -0.00822404     0.00000000    -0.00822404     1.000
    -0.00411202     0.00000000    -0.00411202     1.000
     0.00411202     0.00000000     0.00411202     1.000
     0.00822404     0.00000000     0.00822404     1.000
     0.01233606     0.00000000     0.01233606     1.000
     0.01644808     0.00000000     0.01644808     1.000
     0.02056010     0.00000000     0.02056010     1.000
     0.02467212     0.00000000     0.02467212     1.000
    -0.02467212    -0.02467212     0.00000000     1.000  !001 direction
    -0.02056010    -0.02056010     0.00000000     1.000
    -0.01644808    -0.01644808     0.00000000     1.000
    -0.01233606    -0.01233606     0.00000000     1.000
    -0.00822404    -0.00822404     0.00000000     1.000
    -0.00411202    -0.00411202     0.00000000     1.000
     0.00411202     0.00411202     0.00000000     1.000
     0.00822404     0.00822404     0.00000000     1.000
     0.01233606     0.01233606     0.00000000     1.000
     0.01644808     0.01644808     0.00000000     1.000
     0.02056010     0.02056010     0.00000000     1.000
     0.02467212     0.02467212     0.00000000     1.000
    -0.02467212    -0.02467212    -0.04934425     1.000  !110 direction
    -0.02056010    -0.02056010    -0.04112020     1.000
    -0.01644808    -0.01644808    -0.03289616     1.000
    -0.01233606    -0.01233606    -0.02467212     1.000
    -0.00822404    -0.00822404    -0.01644808     1.000
    -0.00411202    -0.00411202    -0.00822404     1.000
     0.00411202     0.00411202     0.00822404     1.000
     0.00822404     0.00822404     0.01644808     1.000
     0.01233606     0.01233606     0.02467212     1.000
     0.01644808     0.01644808     0.03289616     1.000
     0.02056010     0.02056010     0.04112020     1.000
     0.02467212     0.02467212     0.04934425     1.000
    -0.02467212    -0.04934425    -0.02467212     1.000  !101 direction
    -0.02056010    -0.04112020    -0.02056010     1.000
    -0.01644808    -0.03289616    -0.01644808     1.000
    -0.01233606    -0.02467212    -0.01233606     1.000
    -0.00822404    -0.01644808    -0.00822404     1.000
    -0.00411202    -0.00822404    -0.00411202     1.000
     0.00411202     0.00822404     0.00411202     1.000
     0.00822404     0.01644808     0.00822404     1.000
     0.01233606     0.02467212     0.01233606     1.000
     0.01644808     0.03289616     0.01644808     1.000
     0.02056010     0.04112020     0.02056010     1.000
     0.02467212     0.04934425     0.02467212     1.000
    -0.04934425    -0.02467212    -0.02467212     1.000  !011 direction
    -0.04112020    -0.02056010    -0.02056010     1.000
    -0.03289616    -0.01644808    -0.01644808     1.000
    -0.02467212    -0.01233606    -0.01233606     1.000
    -0.01644808    -0.00822404    -0.00822404     1.000
    -0.00822404    -0.00411202    -0.00411202     1.000
     0.00822404     0.00411202     0.00411202     1.000
     0.01644808     0.00822404     0.00822404     1.000
     0.02467212     0.01233606     0.01233606     1.000
     0.03289616     0.01644808     0.01644808     1.000
     0.04112020     0.02056010     0.02056010     1.000
     0.04934425     0.02467212     0.02467212     1.000
    -0.04934425    -0.04934425    -0.04934425     1.000  !111 direction
    -0.04112020    -0.04112020    -0.04112020     1.000
    -0.03289616    -0.03289616    -0.03289616     1.000
    -0.02467212    -0.02467212    -0.02467212     1.000
    -0.01644808    -0.01644808    -0.01644808     1.000
    -0.00822404    -0.00822404    -0.00822404     1.000
     0.00822404     0.00822404     0.00822404     1.000
     0.01644808     0.01644808     0.01644808     1.000
     0.02467212     0.02467212     0.02467212     1.000
     0.03289616     0.03289616     0.03289616     1.000
     0.04112020     0.04112020     0.04112020     1.000
     0.04934425     0.04934425     0.04934425     1.000
     0.42500000     0.00000000     0.42500000     1.000  !k point of CBM
     0.42500000    -0.02467212     0.40032788     1.000  !100 direction
     0.42500000    -0.02056010     0.40443990     1.000
     0.42500000    -0.01644808     0.40855192     1.000
     0.42500000    -0.01233606     0.41266394     1.000
     0.42500000    -0.00822404     0.41677596     1.000
     0.42500000    -0.00411202     0.42088798     1.000
     0.42500000     0.00411202     0.42911202     1.000
     0.42500000     0.00822404     0.43322404     1.000
     0.42500000     0.01233606     0.43733606     1.000
     0.42500000     0.01644808     0.44144808     1.000
     0.42500000     0.02056010     0.44556010     1.000
     0.42500000     0.02467212     0.44967212     1.000
     0.40032788     0.00000000     0.40032788     1.000  !010 direction
     0.40443990     0.00000000     0.40443990     1.000
     0.40855192     0.00000000     0.40855192     1.000
     0.41266394     0.00000000     0.41266394     1.000
     0.41677596     0.00000000     0.41677596     1.000
     0.42088798     0.00000000     0.42088798     1.000
     0.42911202     0.00000000     0.42911202     1.000
     0.43322404     0.00000000     0.43322404     1.000
     0.43733606     0.00000000     0.43733606     1.000
     0.44144808     0.00000000     0.44144808     1.000
     0.44556010     0.00000000     0.44556010     1.000
     0.44967212     0.00000000     0.44967212     1.000
     0.40032788    -0.02467212     0.42500000     1.000  !001 direction
     0.40443990    -0.02056010     0.42500000     1.000
     0.40855192    -0.01644808     0.42500000     1.000
     0.41266394    -0.01233606     0.42500000     1.000
     0.41677596    -0.00822404     0.42500000     1.000
     0.42088798    -0.00411202     0.42500000     1.000
     0.42911202     0.00411202     0.42500000     1.000
     0.43322404     0.00822404     0.42500000     1.000
     0.43733606     0.01233606     0.42500000     1.000
     0.44144808     0.01644808     0.42500000     1.000
     0.44556010     0.02056010     0.42500000     1.000
     0.44967212     0.02467212     0.42500000     1.000
     0.40032788    -0.02467212     0.37565575     1.000  !110 direction
     0.40443990    -0.02056010     0.38387980     1.000
     0.40855192    -0.01644808     0.39210384     1.000
     0.41266394    -0.01233606     0.40032788     1.000
     0.41677596    -0.00822404     0.40855192     1.000
     0.42088798    -0.00411202     0.41677596     1.000
     0.42911202     0.00411202     0.43322404     1.000
     0.43322404     0.00822404     0.44144808     1.000
     0.43733606     0.01233606     0.44967212     1.000
     0.44144808     0.01644808     0.45789616     1.000
     0.44556010     0.02056010     0.46612020     1.000
     0.44967212     0.02467212     0.47434425     1.000
     0.40032788    -0.04934425     0.40032788     1.000  !101 direction
     0.40443990    -0.04112020     0.40443990     1.000
     0.40855192    -0.03289616     0.40855192     1.000
     0.41266394    -0.02467212     0.41266394     1.000
     0.41677596    -0.01644808     0.41677596     1.000
     0.42088798    -0.00822404     0.42088798     1.000
     0.42911202     0.00822404     0.42911202     1.000
     0.43322404     0.01644808     0.43322404     1.000
     0.43733606     0.02467212     0.43733606     1.000
     0.44144808     0.03289616     0.44144808     1.000
     0.44556010     0.04112020     0.44556010     1.000
     0.44967212     0.04934425     0.44967212     1.000
     0.37565575    -0.02467212     0.40032788     1.000  !011 direction
     0.38387980    -0.02056010     0.40443990     1.000
     0.39210384    -0.01644808     0.40855192     1.000
     0.40032788    -0.01233606     0.41266394     1.000
     0.40855192    -0.00822404     0.41677596     1.000
     0.41677596    -0.00411202     0.42088798     1.000
     0.43322404     0.00411202     0.42911202     1.000
     0.44144808     0.00822404     0.43322404     1.000
     0.44967212     0.01233606     0.43733606     1.000
     0.45789616     0.01644808     0.44144808     1.000
     0.46612020     0.02056010     0.44556010     1.000
     0.47434425     0.02467212     0.44967212     1.000
     0.37565575    -0.04934425     0.37565575     1.000  !111 direction
     0.38387980    -0.04112020     0.38387980     1.000
     0.39210384    -0.03289616     0.39210384     1.000
     0.40032788    -0.02467212     0.40032788     1.000
     0.40855192    -0.01644808     0.40855192     1.000
     0.41677596    -0.00822404     0.41677596     1.000
     0.43322404     0.00822404     0.43322404     1.000
     0.44144808     0.01644808     0.44144808     1.000
     0.44967212     0.02467212     0.44967212     1.000
     0.45789616     0.03289616     0.45789616     1.000
     0.46612020     0.04112020     0.46612020     1.000
     0.47434425     0.04934425     0.47434425     1.000
